01 -223.05 -37.30 236.14 2.3980 -2.2154 -0.1962
02 -334.81 -71.41 141.63 2.5568 -2.1935 0.0150
03 -172.53 236.20 141.81 2.0488 -1.9514 0.1161
04 -126.81 -14.62 196.92 2.2206 -2.0490 -0.2981
05 -204.65 -100.85 134.88 2.5648 -1.9803 -0.4098
06 -168.33 -95.37 140.51 2.9981 -1.4660 -0.3834
07 -183.30 -105.58 147.43 1.6882 -2.5338 -0.4000
08 -34.93 -90.76 130.02 2.2258 -1.9868 -0.7243
09 -33.89 -97.28 123.54 1.7377 -2.3344 -0.5320
10 -31.80 -87.50 122.09 2.7882 -1.5139 -0.7005
11 -134.62 37.58 140.30 1.5260 -2.5009 -0.1043
12 -150.78 292.60 53.30 2.4690 -1.1821 0.0413 
13 -167.30 192.65 131.92 1.1816 -2.5876 0.2937
14 -157.89 14.57 230.43 1.2571 -2.7390 -0.0535
15 -156.78 21.86 249.17 3.1733 -0.6012 -0.2954 
16 -372.07 -27.60 159.23 3.0928 -1.4141 0.1836
17 -500.45 105.63 90.39 2.7515 -1.6714 0.7214
18 -324.22 332.21 159.25 2.5575 -1.2189 0.4188
19 -315.48 307.34 172.78 1.4286 -2.5739 0.6874
20 -464.70 144.34 142.92 1.6823 -2.7520 0.6623