1 -239.95 98.75 563.22 2.5622 -1.9407 0.0877
2 -276.99 83.67 494.21 2.8872 -1.7567 0.1553
3 -227.68 76.96 489.04 2.5209 -2.1473 0.1678
4 -189.58 196.76 488.26 2.0488 -2.1750 0.2127
5 -307.56 197.97 469.61 2.3218 -2.0640 0.5089
6 -359.07 258.70 432.13 2.2637 -2.0050 0.7775
7 -133.43 -12.93 613.75 2.3522 -2.1166 -0.3082
8 -49.62 -112.50 522.81 2.3326 -2.0993 -0.6406
9 -77.69 -79.83 497.45 1.8268 -2.4801 -0.5066
10 -147.00 17.99 492.10 2.8829 -1.6653 -0.2784
11 -301.11 177.00 422.98 1.7491 -2.6041 0.5327
12 -438.82 254.60 444.27 2.4965 -1.8081 0.8853
13 -203.57 281.77 422.33 2.8734 0.9973 -0.3529
14 -111.70 316.29 398.44 2.7564 1.1527 -0.8258
15 -340.17 39.31 490.02 3.0593 1.4156 0.3283
16 -365.59 -69.91 474.62 3.6321 0.5866 0.3971
